
-----Inverse of 400x400 matrix without storing it using Conjugate Gradient----

The inverse of the matrix (first three columns) is 
 [[-6.28604019e-01 -2.32063783e-01 -1.02979096e-01]
 [-2.32063842e-01 -7.31583058e-01 -2.86652178e-01]
 [-1.02979128e-01 -2.86652167e-01 -7.64942972e-01]
 [-5.45883893e-02 -1.36339013e-01 -3.09060051e-01]
 [-3.33598902e-02 -7.69962702e-02 -1.52167124e-01]
 [-2.24078470e-02 -4.91880231e-02 -8.83364988e-02]
 [-1.58280432e-02 -3.37480867e-02 -5.71746456e-02]
 [-1.13401580e-02 -2.38147200e-02 -3.90891352e-02]
 [-7.98653421e-03 -1.66812741e-02 -2.70230509e-02]
 [-5.34098148e-03 -1.11949438e-02 -1.81801106e-02]
 [-3.20833543e-03 -6.83986842e-03 -1.13655151e-02]
 [-1.49880566e-03 -3.37887914e-03 -6.04060716e-03]
 [-1.70628531e-04 -6.99539080e-04 -1.94927639e-03]
 [ 7.99203056e-04  1.25902621e-03  1.04400302e-03]
 [ 1.42955633e-03  2.54281392e-03  3.03155094e-03]
 [ 1.74352816e-03  3.20210843e-03  4.10060404e-03]
 [ 1.77258012e-03  3.30134387e-03  4.35244921e-03]
 [ 1.55781212e-03  2.92287047e-03  3.91067622e-03]
 [ 1.15038011e-03  2.16713014e-03  2.92286770e-03]
 [ 6.09337194e-04  1.15032827e-03  1.55779139e-03]
 [-2.32063842e-01 -1.78106949e-01 -1.17025864e-01]
 [-1.78107007e-01 -3.49089630e-01 -2.55754452e-01]
 [-1.17025914e-01 -2.55754450e-01 -4.02864224e-01]
 [-7.76475090e-02 -1.70800451e-01 -2.94405346e-01]
 [-5.37745624e-02 -1.16298401e-01 -1.99098546e-01]
 [-3.86508165e-02 -8.20726752e-02 -1.36937433e-01]
 [-2.82980035e-02 -5.92899127e-02 -9.66989880e-02]
 [-2.06388542e-02 -4.29243662e-02 -6.90317514e-02]
 [-1.46261903e-02 -3.03808756e-02 -4.86611390e-02]
 [-9.74179656e-03 -2.03630368e-02 -3.28772819e-02]
 [-5.73670214e-03 -1.22382531e-02 -2.03321195e-02]
 [-2.49644795e-03 -5.70581812e-03 -1.03642260e-02]
 [ 3.08998216e-05 -6.22367988e-04 -2.64463499e-03]
 [ 1.87398477e-03  3.09210053e-03  3.01018553e-03]
 [ 3.06111310e-03  5.50659659e-03  6.73905847e-03]
 [ 3.63256304e-03  6.70812906e-03  8.69036141e-03]
 [ 3.64695443e-03  6.81633022e-03  9.05032664e-03]
 [ 3.18376282e-03  5.98916210e-03  8.05460231e-03]
 [ 2.34221255e-03  4.42202509e-03  5.98915975e-03]
 [ 1.23828210e-03  2.34219248e-03  3.18376291e-03]
 [-1.02979128e-01 -1.17025854e-01 -1.00007777e-01]
 [-1.17025914e-01 -2.02986851e-01 -1.96015202e-01]
 [-1.00007850e-01 -1.96015195e-01 -2.64124949e-01]
 [-7.89893785e-02 -1.61145871e-01 -2.43046114e-01]
 [-6.11380699e-02 -1.26020273e-01 -1.96956456e-01]
 [-4.70308347e-02 -9.69486713e-02 -1.52660635e-01]
 [-3.58104102e-02 -7.36712792e-02 -1.15916233e-01]
 [-2.66402132e-02 -5.47781170e-02 -8.61552528e-02]
 [-1.89674532e-02 -3.91243182e-02 -6.18194936e-02]
 [-1.24839142e-02 -2.60089192e-02 -4.17056185e-02]
 [-7.04134013e-03 -1.50652552e-02 -2.50947778e-02]
 [-2.58129803e-03 -6.12724206e-03 -1.16103743e-02]
 [ 9.14192547e-04  8.73579791e-04 -1.06368508e-03]
 [ 3.45488965e-03  5.97769773e-03  6.66153924e-03]
 [ 5.06354595e-03  9.24285646e-03  1.16849412e-02]
 [ 5.78795124e-03  1.07707997e-02  1.41762401e-02]
 [ 5.70718983e-03  1.07213576e-02  1.43798733e-02]
 [ 4.93333311e-03  9.31630963e-03  1.26238515e-02]
 [ 3.60904536e-03  6.83586504e-03  9.31629873e-03]
 [ 1.90246533e-03  3.60905594e-03  4.93338770e-03]
 [-5.45883893e-02 -7.76475138e-02 -7.89893516e-02]
 [-7.76475090e-02 -1.33577756e-01 -1.48492341e-01]
 [-7.89893785e-02 -1.48492326e-01 -1.93444228e-01]
 [-7.08448313e-02 -1.38855837e-01 -1.97253981e-01]
 [-5.98664833e-02 -1.19606484e-01 -1.77263910e-01]
 [-4.87616689e-02 -9.82745663e-02 -1.48619562e-01]
 [-3.84080524e-02 -7.77747343e-02 -1.18876759e-01]
 [-2.90130610e-02 -5.90102455e-02 -9.09611365e-02]
 [-2.06021602e-02 -4.21994643e-02 -6.58104475e-02]
 [-1.31863457e-02 -2.74023704e-02 -4.36945558e-02]
 [-6.80021235e-03 -1.46814932e-02 -2.47234166e-02]
 [-1.49507099e-03 -4.12125875e-03 -8.99007712e-03]
 [ 2.67892341e-03  4.19632896e-03  3.42389971e-03]
 [ 5.69136215e-03  1.02241037e-02  1.24817743e-02]
 [ 7.54515957e-03  1.39768903e-02  1.82281388e-02]
 [ 8.28544180e-03  1.55492075e-02  2.08156555e-02]
 [ 8.00403361e-03  1.51242327e-02  2.05187006e-02]
 [ 6.83875458e-03  1.29735095e-02  1.77345623e-02]
 [ 4.96947183e-03  9.44908391e-03  1.29735085e-02]
 [ 2.61037554e-03  4.96946309e-03  6.83874619e-03]
 [-3.33598902e-02 -5.37746000e-02 -6.11381098e-02]
 [-5.37745624e-02 -9.44980256e-02 -1.13641087e-01]
 [-6.11380699e-02 -1.13641096e-01 -1.48430044e-01]
 [-5.98664833e-02 -1.15070118e-01 -1.59481343e-01]
 [-5.39320921e-02 -1.05706741e-01 -1.52044407e-01]
 [-4.58402968e-02 -9.09062985e-02 -1.33787389e-01]
 [-3.69743725e-02 -7.39208926e-02 -1.10499940e-01]
 [-2.80807015e-02 -5.65679249e-02 -8.57252099e-02]
 [-1.95936296e-02 -3.98849790e-02 -6.15019496e-02]
 [-1.18043265e-02 -2.45276500e-02 -3.90431901e-02]
 [-4.93396680e-03 -1.09625612e-02 -1.91365797e-02]
 [ 8.41764604e-04  4.57053651e-04 -2.33117195e-03]
 [ 5.39101193e-03  9.47316330e-03  1.09937294e-02]
 [ 8.63139583e-03  1.59277441e-02  2.06150077e-02]
 [ 1.05366387e-02  1.97732562e-02  2.64720580e-02]
 [ 1.11418674e-02  2.10809901e-02  2.86742936e-02]
 [ 1.05443508e-02  2.00428939e-02  2.75030895e-02]
 [ 8.90106983e-03  1.69664107e-02  2.34034886e-02]
 [ 6.42212380e-03  1.22616303e-02  1.69664106e-02]
 [ 3.36060145e-03  6.42209420e-03  8.90103770e-03]
 [-2.24078470e-02 -3.86508786e-02 -4.70309055e-02]
 [-3.86508165e-02 -6.94387778e-02 -8.74125508e-02]
 [-4.70308347e-02 -8.74125523e-02 -1.15279049e-01]
 [-4.87616689e-02 -9.28711689e-02 -1.27438340e-01]
 [-4.58402968e-02 -8.87874373e-02 -1.25481472e-01]
 [-4.00259015e-02 -7.84505490e-02 -1.13282667e-01]
 [-3.26103931e-02 -6.45210159e-02 -9.47704474e-02]
 [-2.44952997e-02 -4.89302137e-02 -7.30799698e-02]
 [-1.63199655e-02 -3.30542065e-02 -5.05087652e-02]
 [-8.55897279e-03 -1.78984805e-02 -2.87164384e-02]
 [-1.57856158e-03 -4.22119443e-03 -8.91761182e-03]
 [ 4.33775230e-03  7.40229824e-03  7.99477543e-03]
 [ 8.98087665e-03  1.65537450e-02  2.13876247e-02]
 [ 1.22160068e-02  2.29661977e-02  3.08633942e-02]
 [ 1.39853682e-02  2.65256203e-02  3.62529914e-02]
 [ 1.43096723e-02  2.72721265e-02  3.76125503e-02]
 [ 1.32868202e-02  2.53965656e-02  3.52156257e-02]
 [ 1.10869216e-02  2.12303007e-02  2.95376849e-02]
 [ 7.94349453e-03  1.52280477e-02  2.12303105e-02]
 [ 4.14108655e-03  7.94351712e-03  1.10869380e-02]
 [-1.58280432e-02 -2.82980641e-02 -3.58105515e-02]
 [-2.82980035e-02 -5.16386777e-02 -6.67061591e-02]
 [-3.58104102e-02 -6.67061513e-02 -8.86129817e-02]
 [-3.84080524e-02 -7.27848650e-02 -9.93164768e-02]
 [-3.69743725e-02 -7.10183645e-02 -9.91219773e-02]
 [-3.26103931e-02 -6.33114153e-02 -9.00288169e-02]
 [-2.63372217e-02 -5.16207743e-02 -7.46375597e-02]
 [-1.90105433e-02 -3.76632907e-02 -5.54690927e-02]
 [-1.13262545e-02 -2.28587970e-02 -3.46960297e-02]
 [-3.84836638e-03 -8.35892392e-03 -1.40988133e-02]
 [ 2.96722511e-03  4.91165138e-03  4.90125011e-03]
 [ 8.76000382e-03  1.62274253e-02  2.12007062e-02]
 [ 1.32602318e-02  2.50490408e-02  3.39876439e-02]
 [ 1.62891028e-02  3.10204129e-02  4.27288485e-02]
 [ 1.77603115e-02  3.39688659e-02  4.71638083e-02]
 [ 1.76798466e-02  3.39036255e-02  4.72982574e-02]
 [ 1.61433552e-02  3.10091932e-02  4.33920647e-02]
 [ 1.33293900e-02  2.56318302e-02  3.59382470e-02]
 [ 9.48839992e-03  1.82584380e-02  2.56318449e-02]
 [ 4.92900756e-03  9.48846844e-03  1.33294106e-02]
 [-1.13401580e-02 -2.06390074e-02 -2.66403481e-02]
 [-2.06388542e-02 -3.79805764e-02 -4.96520793e-02]
 [-2.66402132e-02 -4.96520935e-02 -6.60612461e-02]
 [-2.90130610e-02 -5.47210054e-02 -7.41473275e-02]
 [-2.80807015e-02 -5.35082910e-02 -7.37314517e-02]
 [-2.44952997e-02 -4.70911151e-02 -6.58706754e-02]
 [-1.90105433e-02 -3.68576366e-02 -5.23109277e-02]
 [-1.23625303e-02 -2.42303136e-02 -3.50251790e-02]
 [-5.21987493e-03 -1.05299433e-02 -1.59318142e-02]
 [ 1.83243203e-03  3.07864280e-03  3.24404361e-03]
 [ 8.29848680e-03  1.56064302e-02  2.10286423e-02]
 [ 1.37740397e-02  2.62484874e-02  3.62231097e-02]
 [ 1.79500359e-02  3.43906597e-02  4.79143852e-02]
 [ 2.06167080e-02  3.96159197e-02  5.54822538e-02]
 [ 2.16659679e-02  4.17082802e-02  5.86019910e-02]
 [ 2.10916278e-02  4.06519947e-02  5.72407343e-02]
 [ 1.89860162e-02  3.66240384e-02  5.16447962e-02]
 [ 1.55324382e-02  2.99788733e-02  4.23163255e-02]
 [ 1.09927668e-02  2.12247354e-02  2.99788898e-02]
 [ 5.69227783e-03  1.09928338e-02  1.55324673e-02]
 [-7.98653421e-03 -1.46263020e-02 -1.89675453e-02]
 [-1.46261903e-02 -2.69541745e-02 -3.52284859e-02]
 [-1.89674532e-02 -3.52284748e-02 -4.65478036e-02]
 [-2.06021602e-02 -3.85611858e-02 -5.15483732e-02]
 [-1.95936296e-02 -3.69220970e-02 -4.98873355e-02]
 [-1.63199655e-02 -3.09198055e-02 -4.21419083e-02]
 [-1.13262545e-02 -2.15397379e-02 -2.95253673e-02]
 [-5.21987493e-03 -9.93174210e-03 -1.35867948e-02]
 [ 1.39444202e-03  2.73310592e-03  4.02463908e-03]
 [ 7.95294954e-03  1.53507847e-02  2.17186443e-02]
 [ 1.39563835e-02  2.69384867e-02  3.80639499e-02]
 [ 1.89855798e-02  3.66695335e-02  5.18508448e-02]
 [ 2.27131844e-02  4.38979021e-02  6.21313632e-02]
 [ 2.49123794e-02  4.81750038e-02  6.82451785e-02]
 [ 2.54618950e-02  4.92596196e-02  6.98329218e-02]
 [ 2.43472773e-02  4.71197610e-02  6.68385670e-02]
 [ 2.16578809e-02  4.19262112e-02  5.94984267e-02]
 [ 1.75788678e-02  3.40365917e-02  4.83181074e-02]
 [ 1.23785673e-02  2.39708370e-02  3.40365871e-02]
 [ 6.39188312e-03  1.23786487e-02  1.75789369e-02]
 [-5.34098148e-03 -9.74185219e-03 -1.24839763e-02]
 [-9.74179656e-03 -1.78250089e-02 -2.29282499e-02]
 [-1.24839142e-02 -2.29282399e-02 -2.96293161e-02]
 [-1.31863457e-02 -2.42882757e-02 -3.14871901e-02]
 [-1.18043265e-02 -2.17453591e-02 -2.81366075e-02]
 [-8.55897279e-03 -1.56526727e-02 -1.99129337e-02]
 [-3.84836638e-03 -6.72652434e-03 -7.69973452e-03]
 [ 1.83243203e-03  4.10460520e-03  7.26581029e-03]
 [ 7.95294954e-03  1.58247731e-02  2.35766074e-02]
 [ 1.39922943e-02  2.74249624e-02  3.98045591e-02]
 [ 1.94719828e-02  3.79721016e-02  5.46126193e-02]
 [ 2.39797724e-02  4.66596640e-02  6.68367800e-02]
 [ 2.71876509e-02  5.28444464e-02  7.55445204e-02]
 [ 2.88647216e-02  5.60724949e-02  8.00743232e-02]
 [ 2.88848948e-02  5.60945602e-02  8.00593332e-02]
 [ 2.72299224e-02  5.28716949e-02  7.54350322e-02]
 [ 2.39867763e-02  4.65703569e-02  6.64323290e-02]
 [ 1.93403475e-02  3.75474696e-02  5.35556479e-02]
 [ 1.35605554e-02  2.63257442e-02  3.75474562e-02]
 [ 6.98526505e-03  1.35606153e-02  1.93404426e-02]
 [-3.20833543e-03 -5.73674839e-03 -7.04140176e-03]
 [-5.73670214e-03 -1.02496977e-02 -1.25369461e-02]
 [-7.04134013e-03 -1.25369353e-02 -1.51837025e-02]
 [-6.80021235e-03 -1.19753838e-02 -1.41154909e-02]
 [-4.93396680e-03 -8.37876079e-03 -9.00816217e-03]
 [-1.57856158e-03 -1.96678189e-03 -8.03118620e-05]
 [ 2.96722511e-03  6.71990782e-03  1.19895725e-02]
 [ 8.29848680e-03  1.69236095e-02  2.61919121e-02]
 [ 1.39563835e-02  2.77704914e-02  4.13253924e-02]
 [ 1.94719828e-02  3.83581644e-02  5.61260103e-02]
 [ 2.44017429e-02  4.78275305e-02  6.93761249e-02]
 [ 2.83554884e-02  5.54197316e-02  7.99922042e-02]
 [ 3.10179312e-02  6.05201871e-02  8.70919551e-02]
 [ 3.21647068e-02  6.26901603e-02  9.00423926e-02]
 [ 3.16722540e-02  6.16868802e-02  8.84902710e-02]
 [ 2.95222406e-02  5.74723457e-02  8.23750825e-02]
 [ 2.58000723e-02  5.02104081e-02  7.19255502e-02]
 [ 2.06881043e-02  4.02533177e-02  5.76402057e-02]
 [ 1.44531588e-02  2.81179771e-02  4.02533123e-02]
 [ 7.42978291e-03  1.44531842e-02  2.06881683e-02]
 [-1.49880566e-03 -2.49641450e-03 -2.58130526e-03]
 [-2.49644795e-03 -4.08012389e-03 -3.99152771e-03]
 [-2.58129803e-03 -3.99150926e-03 -3.23836043e-03]
 [-1.49507099e-03 -1.73954109e-03  3.46247926e-04]
 [ 8.41764604e-04  2.84266460e-03  7.02043492e-03]
 [ 4.33775230e-03  9.60174932e-03  1.66166306e-02]
 [ 8.76000382e-03  1.81117678e-02  2.85872886e-02]
 [ 1.37740397e-02  2.77455396e-02  4.20915160e-02]
 [ 1.89855798e-02  3.77537509e-02  5.61010457e-02]
 [ 2.39797724e-02  4.73410548e-02  6.95078370e-02]
 [ 2.83554884e-02  5.57338484e-02  8.12235156e-02]
 [ 3.17540707e-02  6.22379713e-02  9.02645708e-02]
 [ 3.38824893e-02  6.62848021e-02  9.58213316e-02]
 [ 3.45307208e-02  6.74658302e-02  9.73096712e-02]
 [ 3.35833585e-02  6.55555820e-02  9.44050798e-02]
 [ 3.10248694e-02  6.05226227e-02  8.70594862e-02]
 [ 2.69392537e-02  5.25287750e-02  7.55005617e-02]
 [ 2.15038909e-02  4.19171948e-02  6.02150892e-02]
 [ 1.49778953e-02  2.91902018e-02  4.19171938e-02]
 [ 7.68627730e-03  1.49779187e-02  2.15039082e-02]
 [-1.70628531e-04  3.09462750e-05  9.14158052e-04]
 [ 3.08998216e-05  7.43583482e-04  2.70987675e-03]
 [ 9.14192547e-04  2.70986494e-03  6.13463012e-03]
 [ 2.67892341e-03  6.30521152e-03  1.16907227e-02]
 [ 5.39101193e-03  1.16598209e-02  1.95653879e-02]
 [ 8.98087665e-03  1.86512491e-02  2.96098063e-02]
 [ 1.32602318e-02  2.69308667e-02  4.13644005e-02]
 [ 1.79500359e-02  3.59733319e-02  5.41185155e-02]
 [ 2.27131844e-02  4.51376601e-02  6.69912911e-02]
 [ 2.71876509e-02  5.37311086e-02  7.90201225e-02]
 [ 3.10179312e-02  6.10701127e-02  8.92476185e-02]
 [ 3.38824893e-02  6.65344613e-02  9.68000187e-02]
 [ 3.55165371e-02  6.96123623e-02  1.00953403e-01]
 [ 3.57299039e-02  6.99354692e-02  1.01185026e-01]
 [ 3.44189640e-02  6.73025851e-02  9.72085811e-02]
 [ 3.15726844e-02  6.16920836e-02  8.89925500e-02]
 [ 2.72731164e-02  5.32626340e-02  7.67621537e-02]
 [ 2.16899957e-02  4.23431862e-02  6.09852041e-02]
 [ 1.50700309e-02  2.94125312e-02  4.23432114e-02]
 [ 7.72252669e-03  1.50701000e-02  2.16899898e-02]
 [ 7.99203056e-04  1.87404661e-03  3.45490226e-03]
 [ 1.87398477e-03  4.25414937e-03  7.56546998e-03]
 [ 3.45488965e-03  7.56545585e-03  1.28855293e-02]
 [ 5.69136215e-03  1.20862753e-02  1.97814253e-02]
 [ 8.63139583e-03  1.79074071e-02  2.83753304e-02]
 [ 1.22160068e-02  2.49204495e-02  3.85241010e-02]
 [ 1.62891028e-02  3.28326521e-02  4.98328107e-02]
 [ 2.06167080e-02  4.12014033e-02  6.16973353e-02]
 [ 2.49123794e-02  4.94813726e-02  7.33661021e-02]
 [ 2.88647216e-02  5.70770277e-02  8.40120668e-02]
 [ 3.21647068e-02  6.33953934e-02  9.28069353e-02]
 [ 3.45307208e-02  6.78945955e-02  9.89904595e-02]
 [ 3.57299039e-02  7.01257798e-02  1.01930963e-01]
 [ 3.55950547e-02  6.97663012e-02  1.01173795e-01]
 [ 3.40364136e-02  6.66430882e-02  9.64750322e-02]
 [ 3.10480407e-02  6.07451271e-02  8.78206037e-02]
 [ 2.67087370e-02  5.22255282e-02  7.54293762e-02]
 [ 2.11775766e-02  4.13929884e-02  5.97415746e-02]
 [ 1.46842212e-02  2.86935606e-02  4.13930059e-02]
 [ 7.51597603e-03  1.46842809e-02  2.11775359e-02]
 [ 1.42955633e-03  3.06118103e-03  5.06358158e-03]
 [ 3.06111310e-03  6.49315216e-03  1.06063419e-02]
 [ 5.06354595e-03  1.06063405e-02  1.70298267e-02]
 [ 7.54515957e-03  1.56002279e-02  2.45916572e-02]
 [ 1.05366387e-02  2.15305024e-02  3.33604870e-02]
 [ 1.39853682e-02  2.82969108e-02  4.31964244e-02]
 [ 1.77603115e-02  3.56512507e-02  5.37587514e-02]
 [ 2.16659679e-02  4.32220696e-02  6.45361027e-02]
 [ 2.54618950e-02  5.05507657e-02  7.48942822e-02]
 [ 2.88848948e-02  5.71340478e-02  8.41341214e-02]
 [ 3.16722540e-02  6.24682048e-02  9.15529943e-02]
 [ 3.35833585e-02  6.60911794e-02  9.65045957e-02]
 [ 3.44189640e-02  6.76197540e-02  9.84518197e-02]
 [ 3.40364136e-02  6.67796058e-02  9.70102241e-02]
 [ 3.23606329e-02  6.34268613e-02  9.19791670e-02]
 [ 2.93904371e-02  5.75602058e-02  8.33597926e-02]
 [ 2.51995813e-02  4.93233889e-02  7.13589199e-02]
 [ 1.99329839e-02  3.89982885e-02  5.63794800e-02]
 [ 1.37986990e-02  2.69890227e-02  3.89982888e-02]
 [ 7.05605138e-03  1.37987386e-02  1.99329427e-02]
 [ 1.74352816e-03  3.63256114e-03  5.78796820e-03]
 [ 3.63256304e-03  7.53151223e-03  1.19180319e-02]
 [ 5.78795124e-03  1.19180255e-02  1.86733699e-02]
 [ 8.28544180e-03  1.69298237e-02  2.62276821e-02]
 [ 1.11418674e-02  2.25951133e-02  3.46096428e-02]
 [ 1.43096723e-02  2.88216726e-02  4.36867105e-02]
 [ 1.76798466e-02  3.54012455e-02  5.31689353e-02]
 [ 2.10916278e-02  4.20270874e-02  6.26311320e-02]
 [ 2.43472773e-02  4.83214796e-02  7.15492860e-02]
 [ 2.72299224e-02  5.38694856e-02  7.93463591e-02]
 [ 2.95222406e-02  5.82547624e-02  8.54421602e-02]
 [ 3.10248694e-02  6.10948816e-02  8.93027731e-02]
 [ 3.15726844e-02  6.20728957e-02  9.04853596e-02]
 [ 3.10480407e-02  6.09631424e-02  8.86752351e-02]
 [ 2.93904371e-02  5.76503695e-02  8.37132502e-02]
 [ 2.66023244e-02  5.21405721e-02  7.56116742e-02]
 [ 2.27501212e-02  4.45636506e-02  6.45583159e-02]
 [ 1.79613174e-02  3.51678458e-02  5.09087565e-02]
 [ 1.24177454e-02  2.43064175e-02  3.51678430e-02]
 [ 6.34511213e-03  1.24177422e-02  1.79613036e-02]
 [ 1.77258012e-03  3.64695655e-03  5.70723117e-03]
 [ 3.64695443e-03  7.47976507e-03  1.16510025e-02]
 [ 5.70718983e-03  1.16510030e-02  1.80240918e-02]
 [ 8.00403361e-03  1.62515701e-02  2.49378220e-02]
 [ 1.05443508e-02  2.12908316e-02  3.23949393e-02]
 [ 1.32868202e-02  2.66876949e-02  4.02768905e-02]
 [ 1.61433552e-02  3.22728486e-02  4.83456164e-02]
 [ 1.89860162e-02  3.78013192e-02  5.62596883e-02]
 [ 2.16578809e-02  4.29729033e-02  6.36014379e-02]
 [ 2.39867763e-02  4.74580658e-02  6.99121879e-02]
 [ 2.58000723e-02  5.09261197e-02  7.47311888e-02]
 [ 2.69392537e-02  5.30732293e-02  7.76348409e-02]
 [ 2.72731164e-02  5.36479981e-02  7.82727877e-02]
 [ 2.67087370e-02  5.24726617e-02  7.63980929e-02]
 [ 2.51995813e-02  4.94588279e-02  7.18898299e-02]
 [ 2.27501212e-02  4.46167212e-02  6.47663637e-02]
 [ 1.94171448e-02  3.80576459e-02  5.51891377e-02]
 [ 1.53074987e-02  2.99895622e-02  4.34566643e-02]
 [ 1.05724218e-02  2.07065511e-02  2.99895548e-02]
 [ 5.39905012e-03  1.05723924e-02  1.53075142e-02]
 [ 1.55781212e-03  3.18376632e-03  4.93338770e-03]
 [ 3.18376282e-03  6.49119605e-03  1.00225230e-02]
 [ 4.93333311e-03  1.00225348e-02  1.53922502e-02]
 [ 6.83875458e-03  1.38344277e-02  2.11094540e-02]
 [ 8.90106983e-03  1.79256769e-02  2.71638179e-02]
 [ 1.10869216e-02  2.22304280e-02  3.34581220e-02]
 [ 1.33293900e-02  2.66193609e-02  3.98093593e-02]
 [ 1.55324382e-02  3.09083258e-02  4.59598249e-02]
 [ 1.75788678e-02  3.48728995e-02  5.15965208e-02]
 [ 1.93403475e-02  3.82671340e-02  5.63768292e-02]
 [ 2.06881043e-02  4.08443699e-02  5.99571063e-02]
 [ 2.15038909e-02  4.23781443e-02  6.20218916e-02]
 [ 2.16899957e-02  4.26814164e-02  6.23110779e-02]
 [ 2.11775766e-02  4.16228830e-02  6.06427217e-02]
 [ 1.99329839e-02  3.91388229e-02  5.69304172e-02]
 [ 1.79613174e-02  3.52404546e-02  5.11934352e-02]
 [ 1.53074987e-02  3.00159229e-02  4.35599724e-02]
 [ 1.20545726e-02  2.36270502e-02  3.42626263e-02]
 [ 8.31953204e-03  1.63013094e-02  2.36270367e-02]
 [ 4.24671722e-03  8.31950784e-03  1.20546138e-02]
 [ 1.15038011e-03  2.34219248e-03  3.60905364e-03]
 [ 2.34221255e-03  4.75939103e-03  7.31166577e-03]
 [ 3.60904536e-03  7.31166864e-03  1.11814998e-02]
 [ 4.96947183e-03  1.00311529e-02  1.52551737e-02]
 [ 6.42212380e-03  1.29129717e-02  1.95196069e-02]
 [ 7.94349453e-03  1.59105515e-02  2.39057943e-02]
 [ 9.48839992e-03  1.89363242e-02  2.82892118e-02]
 [ 1.09927668e-02  2.18671171e-02  3.24969603e-02]
 [ 1.23785673e-02  2.45534331e-02  3.63203107e-02]
 [ 1.35605554e-02  2.68318465e-02  3.95313711e-02]
 [ 1.44531588e-02  2.85385476e-02  4.19019411e-02]
 [ 1.49778953e-02  2.95232682e-02  4.32228194e-02]
 [ 1.50700309e-02  2.96621995e-02  4.33220169e-02]
 [ 1.46842212e-02  2.88688118e-02  4.20799356e-02]
 [ 1.37986990e-02  2.71020119e-02  3.94412011e-02]
 [ 1.24177454e-02  2.43711225e-02  3.54215140e-02]
 [ 1.05724218e-02  2.07372528e-02  3.01098855e-02]
 [ 8.31953204e-03  1.63111628e-02  2.36657190e-02]
 [ 5.73884343e-03  1.12479654e-02  1.63111626e-02]
 [ 2.92853451e-03  5.73875727e-03  8.31950862e-03]
 [ 6.09337194e-04  1.23825195e-03  1.90246213e-03]
 [ 1.23828210e-03  2.51179913e-03  3.84859523e-03]
 [ 1.90246533e-03  3.84859815e-03  5.87239611e-03]
 [ 2.61037554e-03  5.26306076e-03  7.98970720e-03]
 [ 3.36060145e-03  6.75144567e-03  1.01921147e-02]
 [ 4.14108655e-03  8.28964896e-03  1.24437419e-02]
 [ 4.92900756e-03  9.83341055e-03  1.46815595e-02]
 [ 5.69227783e-03  1.13209643e-02  1.68187150e-02]
 [ 6.39188312e-03  1.26775732e-02  1.87507471e-02]
 [ 6.98526505e-03  1.38216893e-02  2.03638778e-02]
 [ 7.42978291e-03  1.46715854e-02  2.15442541e-02]
 [ 7.68627730e-03  1.51523570e-02  2.21876408e-02]
 [ 7.72252669e-03  1.52023612e-02  2.22084660e-02]
 [ 7.51597603e-03  1.47786592e-02  2.15474747e-02]
 [ 7.05605138e-03  1.38611640e-02  2.01776826e-02]
 [ 6.34511213e-03  1.24551102e-02  1.81078363e-02]
 [ 5.39905012e-03  1.05917972e-02  1.53835687e-02]
 [ 4.24671722e-03  8.32749034e-03  1.20859170e-02]
 [ 2.92853451e-03  5.74080060e-03  8.32748905e-03]
 [ 1.49416061e-03  2.92845074e-03  4.24667549e-03]]
Conjugate gradient iverse inverse time 115.01906382600001
